384584
382114
387455
387356
387324
387323
387291
387290
387257
387224
387191
387158
387125
387092
386993
386927
386861
386828
386767
386766
386764
386663
386371
386370
386368
385675
373067
386169
386135
386102
386069
384015
385706
385676
377371
385445
385278
385277
385244
385212
385184
381983
382113
385181
385013
384947
384815
384785
382129
384751
384750
384461
384551
384469
384468
384460
384459
384457
384456
384451
384440
384429
384428
384205
384188
384155
384124
384123
383997
383992
383959
383892
383891
383798
383596
383561
383399
383398
383165
383099
383066
383033
382802
382671
382670
382642
382639
382505
382224
382223
382182
382127
382126
382124
382123
382122
382121
382117
382049
382048
382047
382044
382043
382010
381987
381986
381746
381743
381741
381737
381721
380240
371726
379681
379354
378776
378771
378940
378923
378765
378763
378761
378760
378090
378089
377984
377373
377372
376962
374059
320130
369093
367367
367364
367359
367260
352823
352012
337854
387524
387528
387529
387530
387532
387531
387533
387536
387539