364335
364045
364329
364328
364327
364289
364191
364063
364062
364061
364054
364050
364048
364047
364040
364044
364041
364039
364038
364036
364035
364033
364032
364031
364028
361816
361550
352970
361649
363894
363860
363736
363735
363729
363695
363634
363633
363566
363565
363399
363299
363134
363167
363101
362870
362773
362772
362746
362742
362739
362726
362725
362718
362717
362714
362712
362711
362707
362706
362675
362617
362612
362607
362601
362600
362597
362585
362582
362581
362580
362579
362578
362577
362576
362575
362574
362573
360696
362541
362507
362441
362311
362309
362277
362244
362145
361980
357632
357631
360718
361822
361820
361715
361419
361188
361187
361166
361165
361159
361156
361155
361089
361088
361056
360989
360923
360891
360890
360857
360717
360715
360712
360711
360708
360707
341778
360705
360704
360703
360693
360694
360692
360561
360562
360528
360346
360343
360342
360336
360334
360316
360314
360306
359843
359769
358482
357692
357646
357629
357627
357591
341712
355709
355676
354564
354531
354530
354464
354398
354116
354046
354045
353860
353859
353098
352829
352828
352819
352818
352817
352816
352813
352801
352767
352708
352704
352702
352669
352643
352633
352630
352627
352626
352625
352012
351425
351424
351423
351415
351414
351413
351406
351400
351399
351382
351381
351380
351367
351366
351365
351014
349455
348753
347817
344715
341813
341781
341352
337786
336894
335960
329129
324256
324156
320130
363636
364339
364568
364567
364566
364564
364565
364563
364560
364487
364652
364619
364569
364752
364920
364919
364884
364851
364784
364756
364755
364921
364946
364943
364941
364940
364939
364924
364938
364937
364923
364922
364949
364945
365015
365115
365114
360100
365081
364557
364555
365183
365197
365193
365192
365190
365188
365187
365186
365246
365247
365249
365280
365379
365513
364561
365609
365611
365610
365853
365850
365842
365774
365708
361979
366005
365974
365973
365972
366008
366007
366006
366086
366079
366076
366075
366073
366072
366567
366566
366534
366533
366436
366435
366434
366370
366339
366698
366665
366731
366863
366830
367098
367097
367096
367094
366963
366962
367218
367217
367216
367215
367212
367209
367201
367207
367206
367205
367204
367202
367197
367200
367199
367196
367193
367277
367198
367260
367259
367223
367219
367325
367292
367326
367327
367331
367330
367329
367328
367336
367335
367334
367359
367361
367360
367364
367367
367372
367405
367404
367403
367402
367401
367400
367399
367394
367391
367609
367606
367604
367603
367602
367600
367596
367595
367593
367591
367524
366500
368057
368056
368055
368054
368052
368051
368020
368019
367985
366965
367859
368136
368135
368134
368133
368132
368131
368119
368117
368397
368396
367406
368219
368389
368386
368385
368384
368383
368565
368564
368563
368562
368560
368558
368555
368554
368553
368552
368551
368682
368680
368679
368678
368647
368645
368622
368615
368612
368561
366269
368816
368815
368813
368681
368812
368811
368810
368809
368808
368804
368943
362596
368920
368919
368183
368917
368915
368914
368956
368957
368958
368961
368962
369008
369009
369110
369107
369096
369095
369094
369093
369092
369091
369090
369089
369083
369114
369115
369116
369117
369118
369119
369121
369152
369147
369146
369077
369075
367721
369141
369156
369158
368415
369169
369170
369308
369307
369272
369340
369344
369342
369343
369470
369473
369475
369503
369505
369504
369474
369569
369570
369635
369636
369637
369638
369640
369641
369643
369734
369735
369736
369737
369738
369739
369740
369646
369759
369758
369757
369756
368794
369801
369802
369948
369940
369939
369938
369937
369936
369935
369934
369933
369932
370167
370166
370163
370130
370069
370068
370067
370066
370065
370064
370172
370174
370175
370176
370177
370178
370181
370182
370183
370336
370335
370334
370333
370332
370331
370330
370329
370328
370303
370302
370340
370341
370342
370343
370346
370397
370396
370394
370395
370300
370466
370468
370470
370559
370528
370527
370526
370473
370560
365511
370629
370631
370632
370638
370691
370724
370726
370727
370757
370824
370825
370856
370857
370692
370890
370891
370922
370988
371054
371087
371088
371089
371253
371285
371287
371483
371418
371417
368790
368782
371516
371587
371583
371582
371566
371562
371560
371559
371552
371551
371550
371717
371715
371714
371705
371704
371703
371702
371701
371700
371699
371696
371719
371726
371727
371759
371758
371757
371756
371754
371753
371752
371750
371749
371748
371747
371760
371761
371978
372011
372012
372214
372213
372212
372210
372144
371968
371966
371963
371964
372013
372215
372243
372245
372246
372247
372248
372249
372250
372251
372253
372440
372507
372508
372509
372539
372572
372254
372341
372258
372257
372256
372255
372342
372605
372671
372704
372705
372706
372707
372708
372709
372710
372713
372714
372737
372739
371695
372803
372806
372807
372808
372877
372876
370464
372874
372870
372841
372840
372839
372837
372836
372813
373073
373070
373069
373068
373067
373001
373199
373499
373498
373468
373465
373463
373433
373432
373431
373430
373299
373298
373503
373505
356039
373507
373603
373601
373596
373595
373661
373826
371694
373859
373860
373892
374057
374058
374059
374060
374123
374124
374125
374128
374130
374129
374132
374133
374134
374222
374189
374591
374590
374420
374750
374784
374948
374916
374883
374882
374849
374816
375345
375344
375279
375014
375347
375410
375622
375619
375616
375615
375614
368791
375629
375632
375633
375674
372176
373598
375609
375608
375575
375542
375680
375681
375710
375713
375718
375720
375722
375719
375724
375727
375905
375872
375840
375806
375728
375971
375973
375974
367195
376004
376005
376136
376202
376334
376235
376203
376469
376499
376538
376540
376537
376536
376535
376534
376565
376649
376641
376636
376635
376667
376872
376869
376868
376867
376866
376862
376829
376765
376764
376873
376878
376880
376881
376877
376928
376962
376994
377061
377034
377033
377032
377031
377029
377060
377063
377095
377100
377102
377104
377105
377106
377107
377108
377109
377103
377110
377195
377292
377325
377326
377327
377329
377330
377332
377334
377335
377369
377367
377366
377364
377361
377360
377359
377357
377342
377343
377341
377340
377339
377337
377370
377371
377390
377372
377373
377456
377521
377519
377516
377515
377502
377500
377498
377496
377494
377729
377726
377725
377723
377722
377721
377654
377655
377623
377622
377588
377732
377734
377735
377736
377737
377738
377922
377920
377919
377918
377984
377951
378017
378083
378086
378088
378090
378093
378094
378089
378108
378109
378110
378122
378121
378120
378119
378116
378113